rank,uri,artist_names,track_name,source,peak_rank,previous_rank,days_on_chart,streams
1,"spotify:track:1CPZ5BxNNd0n0nF4Orb9JS","HUNTR/X, EJAE, AUDREY NUNA, REI AMI, KPop Demon Hunters Cast","Golden","K-Pop Demon Hunters",1,1,92,"7117432"
2,"spotify:track:7qjZnBKE73H4Oxkopwulqe","sombr","back to friends","Warner Records",1,2,187,"5289607"
3,"spotify:track:2RkZ5LkEzeHGRsmDqKwmaJ","Alex Warren","Ordinary","Atlantic Records",1,3,227,"4260400"
4,"spotify:track:27xkOIER6uDLKALIelHylZ","Jin","Don’t Say You Love Me","BIGHIT MUSIC",1,5,129,"4030680"
5,"spotify:track:02sy7FAs8dkDNYsHp4Ul3f","Saja Boys, Andrew Choi, Neckwav, Danny Chung, KEVIN WOO, samUIL Lee, KPop Demon Hunters Cast","Soda Pop","K-Pop Demon Hunters",3,4,91,"3899767"
6,"spotify:track:1I37Zz2g3hk9eWxaNkj031","Saja Boys, Andrew Choi, Neckwav, Danny Chung, KEVIN WOO, samUIL Lee, KPop Demon Hunters Cast","Your Idol","K-Pop Demon Hunters",3,6,91,"3425334"
7,"spotify:track:1qbmS6ep2hbBRaEZFpn7BX","Olivia Dean","Man I Need","PLG - Capitol",5,7,33,"3265887"
8,"spotify:track:6dOtVTDdiauQNBQEDOtlAB","Billie Eilish","BIRDS OF A FEATHER","Darkroom/Interscope Records",1,8,493,"3117126"
9,"spotify:track:1xOqGUkyxGQRdCvGpvWKmL","KATSEYE","Gabriela","HYBE/Geffen",9,11,94,"3095296"
10,"spotify:track:7so0lgd0zP2Sbgs2d7a1SZ","Lady Gaga, Bruno Mars","Die With A Smile","Interscope Records",1,10,402,"3029395"
11,"spotify:track:3RXUgPNIbUgFxsDWuBQEt6","HUNTR/X, EJAE, AUDREY NUNA, REI AMI, KPop Demon Hunters Cast","How It’s Done","K-Pop Demon Hunters",6,9,91,"2987937"
12,"spotify:track:7tI8dRuH2Yc6RuoTjxo4dU","Jimin","Who","BIGHIT MUSIC",1,16,430,"2862559"
13,"spotify:track:1xK59OXxi2TAAAbmZK0kBL","d4vd","Romantic Homicide","Darkroom/Interscope Records",13,22,750,"2752552"
14,"spotify:track:5sBDrrtLGbV64QJnEqfjer","HUNTR/X, EJAE, AUDREY NUNA, REI AMI, KPop Demon Hunters Cast","What It Sounds Like","K-Pop Demon Hunters",7,13,91,"2729620"
15,"spotify:track:42VUCXerQ5qTr4Qp6PhKo4","Sabrina Carpenter","Tears","Island Records",1,12,24,"2682266"
16,"spotify:track:2BwO5K8Q7EPAJSGze3AAh9","Sabrina Carpenter","Manchild","Island Records",1,15,108,"2604329"
17,"spotify:track:6Qyc6fS4DsZjB2mRW9DsQs","The Goo Goo Dolls","Iris","Warner Records",13,19,738,"2581803"
18,"spotify:track:0je57Uq5eTk1wrPzn9sWbl","Sabrina Carpenter","When Did You Get Hot?","Island Records",9,21,24,"2483543"
19,"spotify:track:05od2qm2MTSKCHxy1GBp5W","sombr","12 to 12","Warner Records",13,23,56,"2465605"
20,"spotify:track:0MHStU0muAIEMbwdnebYu2","HUNTR/X, EJAE, AUDREY NUNA, REI AMI, KPop Demon Hunters Cast","Takedown","K-Pop Demon Hunters",12,20,90,"2460202"
21,"spotify:track:5BZsQlgw21vDOAjoqkNgKb","Justin Bieber","DAISIES","JRC Entertainment, LLC / ILH Production Co. LLC / Def Jam Recordings",1,18,73,"2453489"
22,"spotify:track:3cZajhyr8LmtPfHZ9296tj","Disco Lines, Tinashe","No Broke Boys","Nice Life/Atlantic",13,14,87,"2452050"
23,"spotify:track:21IYMdzTrzSe191Cy5eMap","Gigi Perez","Sailor Song","Outtahere, LLC / Island Records",5,30,400,"2438152"
24,"spotify:track:6iOndD4OFo7GkaDypWQIou","W Sound, Beéle, Ovy On The Drums","La Plena - W Sound 05","WEA Latina",4,17,208,"2419747"
25,"spotify:track:3hRV0jL3vUpRrcy398teAU","Lord Huron","The Night We Met","Play It Again Sam",15,29,1147,"2406599"
26,"spotify:track:4WFgvKVfEhb3IUAFGrutTR","Ravyn Lenae","Love Me Not","Atlantic Records",8,24,187,"2377243"
27,"spotify:track:0dS2u2UFd88TIzDDaZDLvS","d4vd","Here With Me","Darkroom/Interscope Records",13,27,644,"2360766"
28,"spotify:track:3QaPy1KgI7nu9FJEQUgn6h","Billie Eilish","WILDFLOWER","Darkroom/Interscope Records",8,34,493,"2337094"
29,"spotify:track:5DxDLsW6PsLz5gkwC7Mk5S","Rumi, Jinu, EJAE, Andrew Choi, KPop Demon Hunters Cast","Free","K-Pop Demon Hunters",13,25,91,"2314545"
30,"spotify:track:0TFTAtCYhp2tQ9KcJIZb55","sombr","undressed","Warner Records",6,32,179,"2301153"
31,"spotify:track:7CyPwkp0oE8Ro9Dd5CUDjW","The Weeknd, JENNIE, Lily-Rose Depp","One Of The Girls (with JENNIE, Lily Rose Depp)","XO / Republic Records",2,26,715,"2286822"
32,"spotify:track:6xV7Be6XEvkSnighmh2Tzj","Tyler, The Creator","Sugar On My Tongue","Columbia",6,36,63,"2232139"
33,"spotify:track:5H1sKFMzDeMtXwND3V6hRY","BLACKPINK","JUMP","YGEX",1,28,72,"2206354"
34,"spotify:track:0cQVqPuHQP4KEwc7ZUQmj6","The Neighbourhood","Sweater Weather","Columbia",14,31,1854,"2174235"
35,"spotify:track:0eLtIxPRNJfsmehITZ1qaJ","Aditya Rikhari","Sahiba","T-Series",35,42,77,"2098908"
36,"spotify:track:5XeFesFbtLpXzIVDNQP22n","Arctic Monkeys","I Wanna Be Yours","Domino Recording Co",11,46,1173,"2092914"
37,"spotify:track:4wJ5Qq0jBN4ajy7ouZIV1c","ROSÉ, Bruno Mars","APT.","Atlantic Records",1,35,339,"2070016"
38,"spotify:track:3xkHsmpQCBMytMJNiDf3Ii","Benson Boone","Beautiful Things","Night Street Records, Inc./Warner Records Inc.",1,33,612,"2062442"
39,"spotify:track:2yWlGEgEfPot0lv3OAjuG3","Tate McRae, F1 The Album","Just Keep Watching (From F1® The Movie)","Atlantic Records",7,41,115,"2038811"
40,"spotify:track:5EcG8eMMlwkHRVa4aTR1qd","Rihanna","Breakin' Dishes","Def Jam Recordings",32,40,177,"2023903"
41,"spotify:track:7D0RhFcb3CrfPuTJ0obrod","Coldplay","Sparks","Parlophone UK",27,54,380,"2023153"
42,"spotify:track:4SRShYMtFIGgnOU7iBicMH","Sabrina Carpenter","Nobody’s Son","Island Records",6,37,24,"2008230"
43,"spotify:track:3siwsiaEoU4Kuuc9WKMUy5","The Marías","No One Noticed","Nice Life/Atlantic",32,59,317,"1949598"
44,"spotify:track:17phhZDn6oGtzMe56NuWvj","Teddy Swims","Lose Control","Warner Records",5,38,676,"1908928"
45,"spotify:track:3AJwUDP919kvQ9QcozQPxg","Coldplay","Yellow","Parlophone UK",15,57,1725,"1895800"
46,"spotify:track:6KfugJFINWqA42k59hmjFr","Silet Open Up, Jacson Seran, Juan Reza, Diva Aurel","TABOLA BALE","SILET OPEN UP",30,60,52,"1894558"
47,"spotify:track:7EknynLJTt9YMm1HL37s5D","Grupo Menos É Mais, Simone Mendes","P do Pecado - Ao Vivo","Som Livre",32,47,76,"1882044"
48,"spotify:track:70LcF31zb1H0PyJoS1Sx1r","Radiohead","Creep","XL Recordings",35,44,661,"1871383"
49,"spotify:track:2mdrVnxEnPR6iFijakkxQS","Young Cister, Kreamly","QLOO*","Sony Music Entertainment Chile S.A",28,53,55,"1866295"
50,"spotify:track:1D35BJlymlh6OLD75WupSF","Tanishk Bagchi, Faheem Abdullah, Arslan Nizami, Irshad Kamil","Saiyaara (From ""Saiyaara"")","YRF Music",4,52,68,"1861796"
51,"spotify:track:6uiQ0DqbXTBc8tl0AUKZkR","Rels B","TU VAS SIN (fav)","DALE PLAY Records / Flakk Team",26,39,70,"1847814"
52,"spotify:track:3sK8wGT43QFpWrvNQsrQya","Bad Bunny","DtMF","Rimas Entertainment LLC.",1,50,260,"1835443"
53,"spotify:track:1JSTJqkT5qHq8MDJnJbRE1","The Police","Every Breath You Take","Polydor Records",31,51,1439,"1834970"
54,"spotify:track:72aGCwuSwD5Qb3tHvXBoX3","Easykid, Dysbit","Shiny","Easykid",54,56,9,"1829129"
55,"spotify:track:7KA4W4McWYRpgf0fWsJZWB","Tyler, The Creator, Kali Uchis","See You Again (feat. Kali Uchis)","Columbia",13,63,932,"1824726"
56,"spotify:track:0FIDCNYYjNvPVimz5icugS","The Weeknd, Playboi Carti","Timeless (feat Playboi Carti)","XO / Republic Records",2,48,360,"1822482"
57,"spotify:track:3qhlB30KknSejmIvZZLjOD","Djo","End of Beginning","Djo",1,65,583,"1792371"
58,"spotify:track:2lTm559tuIvatlT1u0JYG2","Bad Bunny","BAILE INoLVIDABLE","Rimas Entertainment LLC.",3,55,260,"1784877"
59,"spotify:track:1HEwEN64NjgTaHmo7LfkX8","Beéle","no tiene sentido","5020 Records",15,43,124,"1780306"
60,"spotify:track:0d28khcov6AiegSCpG5TuT","Gorillaz, De La Soul","Feel Good Inc.","Parlophone UK",49,49,264,"1778108"
61,"spotify:track:2fuYa3Lx06QQJAm0MjztKr","Radiohead","Let Down","XL Recordings",51,73,113,"1773790"
62,"spotify:track:2HRqTpkrJO5ggZyyK6NPWz","Sabrina Carpenter","Espresso","Island Records",1,45,528,"1765835"
63,"spotify:track:51ZQ1vr10ffzbwIjDCwqm4","Ariana Grande","we can't be friends (wait for your love)","Republic Records",1,58,563,"1764283"
64,"spotify:track:3hpm0fTeSqlhJbnqAgaLZs","Fuerza Regida","Marlboro Rojo","Rancho Humilde/Street Mob Records/Sony Music Latin",13,61,136,"1739676"
65,"spotify:track:1j15Ar0qGDzIR0v3CQv3JL","KATSEYE","Gnarly","HYBE/Geffen",35,69,143,"1736884"
66,"spotify:track:7ne4VBA60CxGM75vw0EYad","Gracie Abrams","That’s So True","Gracie Abrams, under exclusive license to Interscope Records",3,68,339,"1736694"
67,"spotify:track:3GCdLUSnKSMJhs4Tj6CV3s","Kendrick Lamar, SZA","All The Stars (with SZA) - From ""Black Panther: The Album""","Black Panther (TDE/DMG) PS",2,64,836,"1728468"
68,"spotify:track:2HRgqmZQC0MC7GeNuDIXHN","Jung Kook, Latto","Seven (feat. Latto) (Explicit Ver.)","BIGHIT MUSIC",1,79,800,"1712999"
69,"spotify:track:3kXoKlD84c6OmIcOLfrfEs","Earth, Wind & Fire","September","Columbia/Legacy",46,-1,188,"1702613"
70,"spotify:track:1zu5ZpnrSArdoaT6Qq3yo9","Pamungkas","Monolog","Maspam Company Ltd.",70,105,46,"1687102"
71,"spotify:track:7MXVkk9YMctZqd1Srtv4MB","The Weeknd, Daft Punk","Starboy","Universal Republic Records",1,71,1813,"1681345"
72,"spotify:track:0fK7ie6XwGxQTIkpFoWkd1","JENNIE","like JENNIE","OA Entertainment/Columbia",5,78,199,"1644343"
73,"spotify:track:6eLQXa6uk2EW8drsiKbABZ","Fuerza Regida","TU SANCHO","Rancho Humilde/Street Mob Records/Sony Music Latin",9,72,132,"1628658"
74,"spotify:track:1oAwsWBovWRIp7qLMGPIet","Cigarettes After Sex","Apocalypse","Partisan Records",52,94,1138,"1612661"
75,"spotify:track:4M70OqsMnH6GwzEFtYAF5o","d4vd","Feel It","Darkroom/Interscope Records",43,91,206,"1611422"
76,"spotify:track:7koAf6aZgjO6TS7bipfPD0","Ovy On The Drums, Quevedo, Beéle","YO y TÚ","WEA Latina",33,62,97,"1607072"
77,"spotify:track:5UJbgR4XF4y1DvbkxEqe8S","Tate McRae","Sports car","RCA Records Label",14,67,241,"1588344"
78,"spotify:track:19GxfaRs5KdurzPKLVX3Cq","TWICE","TAKEDOWN (JEONGYEON, JIHYO, CHAEYOUNG)","WM Japan",41,74,90,"1581936"
79,"spotify:track:58ge6dfP91o9oXMzq3XkIS","Arctic Monkeys","505","Domino Recording Co",40,81,1358,"1576135"
80,"spotify:track:5pobX21I8uZdHM8YOWItU7","Lady Gaga","The Dead Dance","Interscope Records",14,66,19,"1530217"
81,"spotify:track:25jgQBxuUkGDdCG1WGKKN9","Sabrina Carpenter","House Tour","Island Records",15,75,24,"1516174"
82,"spotify:track:59hVbgr8rfYkDbHfr8RcGI","Kenshi Yonezu","IRIS OUT","Sony Music Labels Inc.",82,131,5,"1507123"
83,"spotify:track:0N6h5RnzCNJG3JfROXQIMQ","Natanael Cano, Gabito Ballesteros","Perlas Negras","WEA Latina",28,89,82,"1493935"
84,"spotify:track:0VjIjW4GlUZAMYd2vXMi3b","The Weeknd","Blinding Lights","Republic Records",1,77,2122,"1485786"
85,"spotify:track:1eunv1DeEi29UfAcVEoLTt","Tito Double P","POR SUS BESOS","Double P Records",22,87,71,"1478397"
86,"spotify:track:3p4hRhMcb6ch8OLtATMaLw","Cigarettes After Sex","Cry","Partisan Records",86,126,228,"1477290"
87,"spotify:track:0WbMK4wrZ1wFSty9F7FCgu","Chappell Roan","Good Luck, Babe!","Chappell Roan PS/ Island",5,70,531,"1474420"
88,"spotify:track:5TFD2bmFKGhoCRbX61nXY5","Bad Bunny","NUEVAYoL","Rimas Entertainment LLC.",5,80,260,"1473256"
89,"spotify:track:0l0vcZMU7AOeQmUIREoI2U","Rauw Alejandro, Bad Bunny","Qué Pasaría...","Sony Music Latin/Duars Entertainment",13,76,281,"1468297"
90,"spotify:track:7jtQIBanIiJOMS6RyCx6jZ","Tom Odell","Another Love","ITNO/Columbia",11,83,1619,"1463244"
91,"spotify:track:43iIQbw5hx986dUEZbr3eN","Laufey","From The Start","Laufey",91,106,94,"1461763"
92,"spotify:track:0B7wvvmu9EISAwZnOpjhNI","Bruno Mars","When I Was Your Man","Atlantic Records",28,109,980,"1446843"
93,"spotify:track:55lijDD6OAjLFFUHU9tcDm","RAYE","WHERE IS MY HUSBAND!","Human Re Sources",48,90,3,"1442812"
94,"spotify:track:7qiZfU4dY1lWllzX7mPBI3","Ed Sheeran","Shape of You","Atlantic Records UK",1,119,2640,"1433633"
95,"spotify:track:2CGNAOSuO1MEFCbBRgUzjd","Kendrick Lamar, SZA","luther (with sza)","pgLang, under exclusive license to Interscope Records",2,93,304,"1432195"
96,"spotify:track:6J5kc12BW5HuP3d7C3vvx8","Bad Bunny","EoO","Rimas Entertainment LLC.",9,95,260,"1431991"
97,"spotify:track:60a0Rd6pjrkxjPbaKzXjfq","Linkin Park","In the End","Warner Records",7,82,835,"1430415"
98,"spotify:track:6wHpLMmp98aHcV8L1JFrj8","Alex Warren","Eternity","Atlantic Records",6,102,66,"1426517"
99,"spotify:track:0bxPRWprUVpQK0UFcddkrA","Kehlani","Folded","TSNMI / Atlantic",90,92,52,"1424706"
100,"spotify:track:6393yGahSJ9slVdOwSxOVR","Chappell Roan","Pink Pony Club","Chappell Roan PS/ Island",18,84,401,"1424623"
101,"spotify:track:1PREzVLuDT6PSE9sej4wnV","Fuerza Regida, Grupo Frontera","COQUETA","Rancho Humilde/Streetmob Records/Grupo Frontera/Sony Music Latin",77,88,146,"1422111"
102,"spotify:track:2GP6UzoA55p6yYiPCGyEhg","Omar Camacho, Victor Mendivil","2+2","Rico o Muerto Music LLC",86,96,46,"1410073"
103,"spotify:track:0ll8uFnc0nANY35E0Lfxvg","Keane","Somewhere Only We Know","Universal-Island Records Ltd.",63,114,1014,"1407804"
104,"spotify:track:0tgVpDi06FyKpA1z0VMD4v","Ed Sheeran","Perfect","Atlantic Records UK",3,118,2895,"1406825"
105,"spotify:track:2Gs0iF27my40p0dANv2rAg","MXZI, Dj Samir, DJ Javi26","MONTAGEM XONADA","Lunar Media",101,101,37,"1399209"
106,"spotify:track:56bPsRfOKla3bGGmVz1uk4","Los Dareyes De La Sierra","Frecuencia","Double P Records",42,98,91,"1397447"
107,"spotify:track:35ISBknsCeZQtq66xABI9g","Lola Young","Messy","Universal-Island Records Ltd.",8,85,293,"1388206"
108,"spotify:track:6fxVffaTuwjgEk5h9QyRjy","Ed Sheeran","Photograph","Atlantic Records UK",40,136,1399,"1382321"
109,"spotify:track:2AWY8422GKdGpGw6ejB1Ys","Luis R Conriquez, Fuerza Regida, Neton Vega","Chula Vente","K Music/Sony Music Latin",37,104,53,"1381402"
110,"spotify:track:5cF0dROlMOK5uNZtivgu50","Charlie Puth","Attention","Artist Partner",5,116,483,"1376821"
111,"spotify:track:4oB8Xd7gMlUEtWoD8bmCXW","Neton Vega, Peso Pluma","Morena","Josa Records",23,149,219,"1374306"
112,"spotify:track:2ipIPsgrgd0j2beDf4Ki70","Benson Boone","Mystical Magical","Night Street Records, Inc./Warner Records Inc.",23,99,150,"1372134"
113,"spotify:track:2uXlHCUbq9OMUwx3hrk06o","Vance Joy","Riptide","Atlantic Records",28,108,1683,"1367918"
114,"spotify:track:7xYtgtwlgXvpiTnXUAkceF","Poizi","PERDE","ZUNA",75,103,15,"1353859"
115,"spotify:track:1C7NXX8UJ6pgNx8EkmyZDd","Beéle","si te pillara","5020 Records",69,100,89,"1350883"
116,"spotify:track:1mea3bSkSGXuIRvnydlB5b","Coldplay","Viva La Vida","Parlophone UK",27,110,1121,"1350512"
117,"spotify:track:7J1uxwnxfQLu4APicE5Rnj","Michael Jackson","Billie Jean","Epic",52,112,180,"1346557"
118,"spotify:track:2BkTPMr1v6Fr6JJwc4V7R5","TWICE","Strategy","WM Japan",74,111,85,"1344548"
119,"spotify:track:2uIX8YMNjGMD7441kqyyNU","Billie Eilish","ocean eyes","Darkroom",83,107,527,"1335054"
120,"spotify:track:75JFxkI2RXiU7L9VXzMkle","Coldplay","The Scientist","Parlophone Records Limited",63,146,543,"1326658"
121,"spotify:track:7585wxMp2e3IhBq3tJAXgw","Calle 24","SUIZA","WEA Latina",47,145,101,"1325920"
122,"spotify:track:6aJn7Cst74cj4lNIiPRgav","KATSEYE","Touch","HYBE/Geffen",58,132,124,"1325430"
123,"spotify:track:1zi7xx7UVEFkmKfv06H8x0","Drake, Wizkid, Kyla","One Dance","Cash Money Records/Young Money Ent./Universal Rec.",5,130,1690,"1320312"
124,"spotify:track:2LBqCSwhJGcFQeTHMVGwy3","The Weeknd","Die For You","Universal Republic Records",9,123,1325,"1318783"
125,"spotify:track:4R2kfaDFhslZEMJqAFNpdd","Taylor Swift","cardigan","Taylor Swift",1,156,539,"1310629"
126,"spotify:track:7BqBn9nzAq8spo5e7cZ0dJ","Bruno Mars","Just the Way You Are","Elektra (NEK)",27,128,970,"1308358"
127,"spotify:track:3rUGC1vUpkDG9CZFHMur1t","Tate McRae","greedy","RCA Records Label",1,97,693,"1308296"
128,"spotify:track:0InIeZW4P6VO7dUGRM4AKH","The Marías","Sienna","Nice Life/Atlantic",90,166,20,"1298952"
129,"spotify:track:0ofHAoxe9vBkTCp2UQIavz","Fleetwood Mac","Dreams - 2004 Remaster","Rhino/Warner Records",17,115,825,"1297251"
130,"spotify:track:4SqWKzw0CbA05TGszDgMlc","The Walters","I Love You So","Warner Records",18,187,1165,"1285413"
131,"spotify:track:0cYohCh24y1aMjJmcS9RBl","Karan Aujla, Ikky","For A Reason","WM Canada",103,134,25,"1283503"
132,"spotify:track:5g7sDjBhZ4I3gcFIpkrLuI","Bruno Mars","Locked out of Heaven","Atlantic Records",21,86,1135,"1280670"
133,"spotify:track:2nMeu6UenVvwUktBCpLMK9","Lana Del Rey","Young And Beautiful","Polydor Records",120,174,201,"1279087"
134,"spotify:track:1XBYiRV30ykHw5f4wm6qEn","The Kid LAROI","NIGHTS LIKE THIS","Columbia",34,184,368,"1278459"
135,"spotify:track:1a7onn7lPqqRWul5ogyMyX","Fuerza Regida","ANSIEDAD","Rancho Humilde/Street Mob Records/Sony Music Latin",77,135,97,"1278358"
136,"spotify:track:2SsY5k7UWFqgye3PUMG3Oq","Chappell Roan","The Subway","Chappell Roan PS/ Island",1,144,52,"1277022"
137,"spotify:track:0eaVIYo2zeOaGJeqZ5TwYz","Don Toliver","No Pole","Cactus Jack / Atlantic",58,138,275,"1271212"
138,"spotify:track:1BxfuPKGuaTgP7aM0Bbdwr","Taylor Swift","Cruel Summer","Taylor Swift",2,113,958,"1270315"
139,"spotify:track:4rMNgxEwGWoPHIUcvB5BrB","Bruno Mars","It Will Rain","Elektra (NEK)",58,163,51,"1261979"
140,"spotify:track:2tpWsVSb9UEmDRxAl1zhX1","OneRepublic","Counting Stars","Mosley / Interscope",78,125,1615,"1261584"
141,"spotify:track:0ql6fgz8qk0pAEKrGeSppJ","Nadhif Basalamah","bergema sampai selamanya","After School",107,198,36,"1261153"
142,"spotify:track:5tlb0AxuzsMWL2GtEppXGX","Cup of Joe","Multo","Viva Records",24,160,170,"1240749"
143,"spotify:track:003vvx7Niy0yvhvHt4a68B","The Killers","Mr. Brightside","Island Records",59,129,1351,"1238600"
144,"spotify:track:4zhk2RS2EZODmBW6il55Qj","Beéle, Ovy On The Drums","mi refe","5020 Records",47,120,263,"1234695"
145,"spotify:track:6oVxXO5oQ4pTpO8RSnkzvv","Taylor Swift","Dress","Taylor Swift",139,143,4,"1226436"
146,"spotify:track:5qqabIl2vWzo9ApSC317sa","Oasis","Wonderwall","Sony Music Labels Inc.",16,122,818,"1223447"
147,"spotify:track:0u2P5u6lvoDfwTYjAADbn4","Billie Eilish, Khalid","lovely (with Khalid)","Darkroom",19,191,2645,"1221742"
148,"spotify:track:5ITV0zqzjOYfFWpW0xBmRa","WizTheMc, bees & honey","Show Me Love","Bamboo Artists",17,127,201,"1213044"
149,"spotify:track:1qyw5wSUkEvH8DtaCdx7Lg","Sabrina Carpenter","Go Go Juice","Island Records",12,133,24,"1212035"
150,"spotify:track:7d6yK8v8J484SWH5prIQiE","Bad Bunny, Omar Courtz, Dei V","VeLDÁ","Rimas Entertainment LLC.",8,137,260,"1207109"
151,"spotify:track:7gKxCvTDWwV9wBhdeBbr3l","Olivia Dean","Nice To Each Other","PLG - Capitol",97,159,33,"1206767"
152,"spotify:track:59D4DOkspUbWyMmbAPQkxZ","Bad Bunny","VOY A LLeVARTE PA PR","Rimas Entertainment LLC.",7,142,247,"1204582"
153,"spotify:track:7G7mSV4BebkoHWwKTDvXu9","V, Park Hyo Shin","Winter Ahead (with PARK HYO SHIN)","BIGHIT MUSIC",15,-1,270,"1190815"
154,"spotify:track:2nLtzopw4rPReszdYBJU6h","Linkin Park","Numb","Warner Records",12,148,556,"1185822"
155,"spotify:track:3hUxzQpSfdDqwM3ZTFQY0K","Taylor Swift","august","Taylor Swift",4,172,541,"1183966"
156,"spotify:track:4DnrAI8WyUY6gkOwl8GlPN","Alleh, Yorghaki","capaz (merengueton)","CONMUER LLC",34,117,274,"1180135"
157,"spotify:track:2esZG2XFtuoWWA9AfDvSxy","FloyyMenor, Cris MJ","Gata Only","FloyyMenor under exclusive license to UnitedMasters LLC",2,158,588,"1179553"
158,"spotify:track:1XGmzt0PVuFgQYYnV2It7A","Maroon 5, Wiz Khalifa","Payphone","Interscope Records*",63,175,542,"1177180"
159,"spotify:track:4tVVmShMF2PYdLqcejrsy2","Sabrina Carpenter","Goodbye","Island Records",17,151,24,"1166824"
160,"spotify:track:0hta2Lb2zKJ7kEnAEZEE3G","wifiskeleton, i wanna be a jack-o-lantern","Nope your too late i already died","9th St. / Hallwood",70,-1,130,"1165215"
161,"spotify:track:29iva9idM6rFCPUlu7Rhxl","Justin Bieber","YUKON","JRC Entertainment, LLC / ILH Production Co. LLC / Def Jam Recordings",7,150,73,"1164709"
162,"spotify:track:4e76Ss3ji7HQZ4qwcPNkNA","Junior H","MIENTRAS DUERMES","WEA Latina",113,140,20,"1162113"
163,"spotify:track:6czM6UMQD9qE5GAUp68oud","Justin Bieber, Chance the Rapper","Confident","RBMG/Def Jam",135,179,26,"1157220"
164,"spotify:track:1QV6tiMFM6fSOKOGLMHYYg","Lady Gaga","Poker Face","Streamline/Interscope",24,157,235,"1156442"
165,"spotify:track:7qEHsqek33rTcFNT9PFqLf","Lewis Capaldi","Someone You Loved","Vertigo Berlin",4,178,2324,"1155694"
166,"spotify:track:3EMfeKtNK4q4k3sVjwg5Yy","Sabrina Carpenter","My Man on Willpower","Island Records",4,152,24,"1153033"
167,"spotify:track:3be9ACTxtcL6Zm4vJRUiPG","yung kai","blue","BMG Rights Management (US) LLC",22,-1,274,"1152628"
168,"spotify:track:4XHijJfABTtUCW3Bp6KFvr",".Feast","Tarot","Sun Eater",125,-1,27,"1152239"
169,"spotify:track:0COqiPhxzoWICwFCS4eZcp","Evanescence","Bring Me To Life","The Bicycle Music Company",122,155,163,"1149627"
170,"spotify:track:2mdEsXPu8ZmkHRRtAdC09e","Lana Del Rey","Cinnamon Girl","Polydor Records",70,-1,36,"1147138"
171,"spotify:track:7HXUFIILHAhS6esiRy5Ibz","Ed Sheeran","Sapphire","Gingerbread Man Records / Atlantic Records UK",15,147,108,"1139520"
172,"spotify:track:5R9FQXymzyhxjAYAkdbq5Q","sma$her, MXZI","ACELERADA","Tribal Trap",160,186,4,"1135267"
173,"spotify:track:1fDFHXcykq4iw8Gg7s5hG9","The 1975","About You","Dirty Hit",138,-1,25,"1133886"
174,"spotify:track:10nyNJ6zNy2YVYLrcwLccB","Radiohead","No Surprises","XL Recordings",156,-1,22,"1124534"
175,"spotify:track:1FEiijYPJtyswChfcpv3p0","Lana Del Rey","Summertime Sadness","Urban",74,193,984,"1120878"
176,"spotify:track:73scB4Q4fcOmnsBVZPmk32","KAROL G","Si Antes Te Hubiera Conocido","Bichota/Interscope Records",4,121,458,"1119728"
177,"spotify:track:2OxvanM5m1Na9OVlXyXmUp","Raim Laode","Lesung Pipi","Raim Laode",72,-1,84,"1115416"
178,"spotify:track:6ifUES3keWjwXgae8pXI3o","Danny Ocean","Me Rehúso","Atlantic Records",18,177,559,"1111835"
179,"spotify:track:5fZJQrFKWQLb7FpJXZ1g7K","Shaboozey","A Bar Song (Tipsy)","American Dogwood / EMPIRE",5,153,521,"1110421"
180,"spotify:track:7fBv7CLKzipRk6EC6TWHOB","The Weeknd","The Hills","Universal Republic Records",24,-1,710,"1110308"
181,"spotify:track:4RvWPyQ5RL0ao9LPZeSouE","Tears For Fears","Everybody Wants To Rule The World","UMC (Universal Music Catalogue)",80,-1,859,"1110219"
182,"spotify:track:3vkCueOmm7xQDoJ17W1Pm3","Mitski","My Love Mine All Mine","Dead Oceans",2,-1,557,"1101902"
183,"spotify:track:2a1o6ZejUi8U3wzzOtCOYw","Don Omar, Lucenzo","Danza Kuduro","UMLE - Machete",64,154,633,"1097384"
184,"spotify:track:7EJn4U6IySwLSfLZX07muY","Toton Caribo, Wizz Baker, Fresly Nikijuluw","Ngapain Repot","TOTON CARIBO",184,-1,1,"1097167"
185,"spotify:track:0KKkJNfGyhkQ5aFogxQAPU","Bruno Mars","That's What I Like","Atlantic Records",5,-1,1031,"1093341"
186,"spotify:track:0gucTLf7trAf37Ua1uAyAu","Nirvana","Smells Like Teen Spirit","Geffen",92,173,849,"1091775"
187,"spotify:track:6RUKPb4LETWmmr3iAEQktW","The Chainsmokers, Coldplay","Something Just Like This","Disruptor Records/Columbia",2,162,1932,"1088535"
188,"spotify:track:2QP041AcWg8PwPIWP95RKN","Beéle","top diesel","5020 Records",119,167,68,"1088400"
189,"spotify:track:50kpGaPAhYJ3sGmk6vplg0","Justin Bieber","Love Yourself","RBMG/Def Jam",52,-1,382,"1087899"
190,"spotify:track:5O2P9iiztwhomNh8xkR9lJ","One Direction","Night Changes","Syco Music",6,-1,1014,"1087678"
191,"spotify:track:5TTGoX70AFrTvuEtqHK37S","Arctic Monkeys","No. 1 Party Anthem","Domino Recording Co",70,-1,253,"1087635"
192,"spotify:track:0pqnGHJpmpxLKifKRmU6WP","Imagine Dragons","Believer","Kid Ina Korner / Interscope",15,-1,2936,"1086487"
193,"spotify:track:3hxIUxnT27p5WcmjGUXNwx","Hotel Ugly","Shut up My Moms Calling","Hotel Ugly, under exclusive license to Amuseio AB",63,-1,707,"1084411"
194,"spotify:track:7BKLCZ1jbUBVqRi2FVlTVw","The Chainsmokers, Halsey","Closer","Disruptor Records/Columbia",2,-1,1510,"1083403"
195,"spotify:track:7lQ8MOhq6IN2w8EYcFNSUk","Eminem","Without Me","Eminem Catalog PS",29,168,1376,"1081650"
196,"spotify:track:51rfRCiUSvxXlCSCfIztBy","Gracie Abrams","I Love You, I'm Sorry","Gracie Abrams, under exclusive license to Interscope Records",15,-1,365,"1081556"
197,"spotify:track:6dBUzqjtbnIa1TwYbyw5CM","TV Girl","Lovers Rock","TV Girl",92,-1,604,"1076473"
198,"spotify:track:3nqqDo8CcCLke3ZoTgiOKf","The Script","The Man Who Can't Be Moved","Epic/Phonogenic",113,-1,56,"1072477"
199,"spotify:track:3MKhTroJs5GF9H7LqN9fiw","Marino","Devil in Disguise","broke",126,-1,25,"1072373"
200,"spotify:track:5B3GZOZYXNzWpUXQC42hxZ","Sabrina Carpenter","Sugar Talking","Island Records",5,181,24,"1068094"
